
L = 1;
R = 1;
g = 9.81;

